B = [1:7 ; 9:-2:-3; 4 8 16 32 64 128 256]
